-74.1
-74.0932
-74.0864
-74.0795
-74.0725
-74.0655
-74.0584
-74.0512
-74.044
-74.0366
-74.0293
-74.0219
-74.0144
-74.0069
-73.9993
-73.9917
-73.984
-73.9763
-73.9686
-73.9608
-73.953
-73.9451
-73.9372
-73.9292
-73.9213
-73.9132
-73.9051
-73.897
-73.8889
-73.8807
-73.8724
-73.8642
-73.8558
-73.8475
-73.8391
-73.8306
-73.8221
-73.8136
-73.805
-73.7964
-73.7877
-73.779
-73.7702
-73.7614
-73.7525
-73.7436
-73.7347
-73.7257
-73.7167
-73.7076
-73.6984
-73.6892
-73.68
-73.6707
-73.6613
-73.6519
-73.6425
-73.633
-73.6234
-73.6138
-73.6041
-73.5944
-73.5846
-73.5748
-73.5649
-73.555
-73.545
-73.5349
-73.5248
-73.5146
-73.5043
-73.494
-73.4836
-73.4732
-73.4627
-73.4521
-73.4415
-73.4307
-73.42
-73.4091
-73.3982
-73.3872
-73.3762
-73.365
-73.3538
-73.3425
-73.3312
-73.3197
-73.3082
-73.2966
-73.2849
-73.2732
-73.2613
-73.2494
-73.2373
-73.2252
-73.213
-73.2007
-73.1883
-73.1759
-73.1633
-73.1506
-73.1378
-73.1249
-73.1119
-73.0989
-73.0857
-73.0723
-73.0589
-73.0454
-73.0317
-73.0179
-73.004
-72.99
-72.9758
-72.9616
-72.9471
-72.9326
-72.9179
-72.903
-72.888
-72.8729
-72.8576
-72.8421
-72.8265
-72.8107
-72.7947
-72.7786
-72.7622
-72.7457
-72.729
-72.7121
-72.695
-72.6776
-72.6601
-72.6423
-72.6242
-72.606
-72.5874
-72.5686
-72.5495
-72.5301
-72.5105
-72.4905
-72.4701
-72.4495
-72.4284
-72.407
-72.3851
-72.3629
-72.3401
-72.3169
-72.2931
-72.2688
-72.2438
-72.2182
-72.1919
-72.1648
-72.1367
-72.1077
-72.0775
-72.0459
-72.0126
-71.9767
-71.9369
-71.8887
-71.8241
-71.7233
-71.5515
-71.2839
-70.8079
-69.9953
-68.9638
-67.8739
-66.8201
-65.8323
-64.9087
-64.0379
-63.2066
-62.401
-61.6029
-60.7679
-59.7509
-58.5354
-57.2005
-55.8005
-54.3094
-52.6143
-50.4815
-47.4566
-42.8218
-36.0586
-27.5948
-18.1884
-8.37208
1.41903
10.7622
19.3074
26.8308
33.2279
38.4956
42.708
45.9874
48.4757
50.3116
51.6183
52.4985
53.0348
53.2918
53.3198
53.1569
52.8326
52.369
51.7831
51.0878
50.2932
49.407
48.4351
47.3823
46.2525
45.0493
43.7754
42.4334
41.0267
39.5578
38.0293
36.4436
34.8035
33.1116
31.3706
29.5837
27.7535
25.8824
23.9723
22.0248
20.041
18.0218
15.9675
13.8786
11.7551
9.59728
7.40571
5.18123
2.93036
0.731296
-1.43124
-3.55319
-5.63368
-7.67284
-9.67107
-11.6285
-13.5447
-15.4186
-17.2484
-19.0313
-20.7638
-22.4414
-24.0588
-25.6104
-27.0904
-28.4933
-29.8141
-31.0487
-32.1936
-33.246
-34.2037
-35.0652
-35.8295
-36.4961
-37.065
-37.5371
-37.9136
-38.1967
-38.3889
-38.494
-38.516
-38.46
-38.3317
-38.1374
-37.8838
-37.5784
-37.2286
-36.8423
-36.4271
-35.9908
-35.5407
-35.0839
-34.6267
-34.1753
-33.7349
-33.3102
-32.9051
-32.5231
-32.1667
-31.8382
-31.5388
-31.2698
-31.0314
-30.8238
-30.6467
-30.4993
-30.3808
-30.2899
-30.2253
-30.1853
-30.1684
-30.1726
-30.1963
-30.2373
-30.294
-30.3642
-30.4463
-30.5382
-30.6383
-30.7447
-30.8559
-30.9702
-31.0862
-31.2026
-31.3179
-31.4311
-31.5412
-31.6471
-31.748
-31.8432
-31.9321
-32.0142
-32.0891
-32.1564
-32.2161
-32.2678
-32.3118
-32.3479
-32.3763
-32.3973
-32.4111
-32.4179
-32.4183
-32.4125
-32.4011
-32.3844
-32.3631
-32.3376
-32.3085
-32.2762
-32.2412
-32.2042
-32.1655
-32.1257
-32.0853
-32.0446
-32.004
-31.964
-31.9248
-31.8869
-31.8504
-31.8157
-31.7829
-31.7522
-31.7237
-31.6976
-31.674
-31.6528
-31.6342
-31.6181
-31.6044
-31.5932
-31.5844
-31.5778
-31.5733
-31.5709
-31.5704
-31.5716
-31.5745
-31.5789
-31.5845
-31.5913
-31.599
-31.6076
-31.6169
-31.6267
-31.6368
-31.6472
-31.6577
-31.6681
-31.6784
-31.6885
-31.6981
-31.7074
-31.7161
-31.7243
-31.7318
-31.7386
-31.7447
-31.75
-31.7545
-31.7583
-31.7612
-31.7634
-31.7648
-31.7655
-31.7654
-31.7647
-31.7632
-31.7612
-31.7586
-31.7555
-31.7519
-31.7479
-31.7436
-31.7389
-31.7339
-31.7288
-31.7235
-31.718
-31.7125
-31.707
-31.7016
-31.6962
-31.6909
-31.6857
-31.6807
-31.6759
-31.6714
-31.6671
-31.663
-31.6592
-31.6557
-31.6525
-31.6496
-31.647
-31.6447
-31.6427
-31.641
-31.6396
-31.6384
-31.6375
-31.6368
-31.6364
-31.6362
-31.6361
-31.6363
-31.6366
-31.637
-31.6376
-31.6382
-31.639
-31.6398
-31.6406
-31.6415
-31.6424
-31.6433
-31.6442
-31.645
-31.6459
-31.6466
-31.6473
-31.648
-31.6485
-31.649
-31.6494
-31.6497
-31.6499
-31.65
-31.65
-31.6499
-31.6497
-31.6495
-31.6491
-31.6486
-31.6481
-31.6475
-31.6468
-31.6461
-31.6453
-31.6445
-31.6436
-31.6426
-31.6417
-31.6407
-31.6396
-31.6386
-31.6376
-31.6365
-31.6355
-31.6345
-31.6335
-31.6325
-31.6315
-31.6306
-31.6297
-31.6288
-31.628
-31.6272
-31.6265
-31.6257
-31.6251
-31.6245
-31.6239
-31.6233
-31.6228
-31.6224
-31.6219
-31.6216
-31.6212
-31.6209
-31.6206
-31.6204
-31.6201
-31.6199
-31.6198
-31.6196
-31.6195
-31.6193
-31.6192
-31.6191
-31.619
-31.6189
-31.6188
-31.6187
-31.6186
-31.6186
-31.6185
-31.6184
-31.6182
-31.6181
-31.618
-31.6179
-31.6177
-31.6175
-31.6174
-31.6172
-31.617
-31.6168
-31.6165
-31.6163
-31.616
-31.6158
-31.6155
-31.6152
-31.6149
-31.6147
-31.6143
-31.614
-31.6137
-31.6134
-31.6131
-31.6127
-31.6124
-31.6121
-31.6118
-31.6114
-31.6111
-31.6108
-31.6105
-31.6101
-31.6098
-31.6095
-31.6092
-31.6089
-31.6086
-31.6083
-31.608
-31.6078
-31.6075
-31.6072
-31.607
-31.6067
-31.6065
-31.6063
-31.606
-31.6058
-31.6056
-31.6054
-31.6052
-31.605
-31.6048
-31.6046
-31.6044
-31.6042
-31.604
-31.6039
-31.6037
-31.6035
-31.6033
-31.6032
-31.603
-31.6028
-31.6026
-31.6025
-31.6023
-31.6021
-31.602
-31.6018
-31.6016
-31.6014
-31.6013
-31.6011
-31.6009
-31.6007
-31.6005
-31.6004
-31.6002
-31.6
-31.5998
-31.5996
-31.5994
-31.5992
-31.599
-31.5988
-31.5986
-31.5984
-31.5983
-31.5981
-31.5979
-31.5977
-31.5975
-31.5973
-31.5971
-31.5969
-31.5967
-31.5965
-31.5963
-31.5961
-31.5959
-31.5957
-31.5955
-31.5953
-31.5951
-31.595
-31.5948
-31.5946
-31.5944
-31.5942
-31.594
-31.5939
-31.5937
-31.5935
-31.5933
-31.5931
-31.593
-31.5928
-31.5926
-31.5925
-31.5923
-31.5921
-31.5919
-31.5918
-31.5916
-31.5914
-31.5913
-31.5911
-31.5909
-31.5908
-31.5906
-31.5905
-31.5903
-31.5901
-31.59
-31.5898
-31.5896
-31.5895
-31.5893
-31.5892
-31.589
-31.5888
-31.5887
-31.5885
-31.5883
-31.5882
-31.588
-31.5878
-31.5877
-31.5875
-31.5874
-31.5872
-31.587
-31.5869
-31.5867
-31.5865
-31.5864
-31.5862
-31.5861
-31.5859
-31.5857
-31.5856
-31.5854
-31.5852
-31.5851
-31.5849
-31.5848
-31.5846
-31.5844
-31.5843
-31.5841
-31.584
-31.5838
-31.5836
-31.5835
-31.5833
-31.5832
-31.583
-31.5828
-31.5827
-31.5825
-31.5824
-31.5822
-31.5821
-31.5819
-31.5817
-31.5816
-31.5814
-31.5813
-31.5811
-31.581
-31.5808
-31.5807
-31.5805
-31.5804
-31.5802
-31.58
-31.5799
-31.5797
-31.5796
-31.5794
-31.5793
-31.5791
-31.579
-31.5788
-31.5787
-31.5785
-31.5784
-31.5782
-31.5781
-31.5779
-31.5778
-31.5776
-31.5775
-31.5773
-31.5772
-31.577
-31.5769
-31.5767
-31.5766
-31.5764
-31.5763
-31.5761
-31.576
-31.5758
-31.5757
-31.5755
-31.5754
-31.5752
-31.5751
-31.5749
-31.5748
-31.5746
-31.5745
-31.5743
-31.5742
-31.574
-31.5739
-31.5737
-31.5736
-31.5734
-31.5733
-31.5731
-31.573
-31.5728
-31.5727
-31.5725
-31.5724
-31.5722
-31.5721
-31.572
-31.5718
-31.5717
-31.5715
-31.5714
-31.5712
-31.5711
-31.5709
-31.5708
-31.5706
-31.5705
-31.5704
-31.5702
-31.5701
-31.5699
-31.5698
-31.5696
-31.5695
-31.5693
-31.5692
-31.5691
-31.5689
-31.5688
-31.5686
-31.5685
-31.5683
-31.5682
-31.568
-31.5679
-31.5678
-31.5676
-31.5675
-31.5673
-31.5672
-31.567
-31.5669
-31.5668
-31.5666
-31.5665
-31.5663
-31.5662
-31.5661
-31.5659
-31.5658
-31.5656
-31.5655
-31.5653
-31.5652
-31.5651
-31.5649
-31.5648
-31.5646
-31.5645
-31.5644
-31.5642
-31.5641
-31.5639
-31.5638
-31.5637
-31.5635
-31.5634
-31.5632
-31.5631
-31.563
-31.5628
-31.5627
-31.5625
-31.5624
-31.5623
-31.5621
-31.562
-31.5618
-31.5617
-31.5616
-31.5614
-31.5613
-31.5611
-31.561
-31.5609
-31.5607
-31.5606
-31.5605
-31.5603
-31.5602
-31.56
-31.5599
-31.5598
-31.5596
-31.5595
-31.5594
-31.5592
-31.5591
-31.5589
-31.5588
-31.5587
-31.5585
-31.5584
-31.5583
-31.5581
-31.558
-31.5579
-31.5577
-31.5576
-31.5575
-31.5573
-31.5572
-31.557
-31.5569
-31.5568
-31.5566
-31.5565
-31.5564
-31.5562
-31.5561
-31.556
-31.5558
-31.5557
-31.5556
-31.5554
-31.5553
-31.5552
-31.555
-31.5549
-31.5548
-31.5546
-31.5545
-31.5544
-31.5542
-31.5541
-31.554
-31.5538
-31.5537
-31.5536
-31.5534
-31.5533
-31.5532
-31.553
-31.5529
-31.5528
-31.5526
-31.5525
-31.5524
-31.5522
-31.5521
-31.552
-31.5518
-31.5517
-31.5516
-31.5514
-31.5513
-31.5512
-31.551
-31.5509
-31.5508
-31.5506
-31.5505
-31.5504
-31.5502
-31.5501
-31.55
-31.5499
-31.5497
-31.5496
-31.5495
-31.5493
-31.5492
-31.5491
-31.5489
-31.5488
-31.5487
-31.5486
-31.5484
-31.5483
-31.5482
-31.548
-31.5479
-31.5478
-31.5476
-31.5475
-31.5474
-31.5473
-31.5471
-31.547
-31.5469
-31.5467
-31.5466
-31.5465
-31.5464
-31.5462
-31.5461
-31.546
-31.5458
-31.5457
-31.5456
-31.5455
-31.5453
-31.5452
-31.5451
-31.5449
-31.5448
-31.5447
-31.5446
-31.5444
-31.5443
-31.5442
-31.5441
-31.5439
-31.5438
-31.5437
-31.5436
-31.5434
-31.5433
-31.5432
-31.543
-31.5429
-31.5428
-31.5427
-31.5425
-31.5424
-31.5423
-31.5422
-31.542
-31.5419
-31.5418
-31.5417
-31.5415
-31.5414
-31.5413
-31.5412
-31.541
-31.5409
-31.5408
-31.5407
-31.5405
-31.5404
-31.5403
-31.5402
-31.54
-31.5399
-31.5398
-31.5397
-31.5395
-31.5394
-31.5393
-31.5392
-31.539
-31.5389
-31.5388
-31.5387
-31.5385
-31.5384
-31.5383
-31.5382
-31.5381
-31.5379
-31.5378
-31.5377
-31.5376
-31.5374
-31.5373
-31.5372
-31.5371
-31.537
-31.5368
-31.5367
-31.5366
-31.5365
-31.5363
-31.5362
-31.5361
-31.536
-31.5359
-31.5357
-31.5356
-31.5355
-31.5354
-31.5352
-31.5351
-31.535
-31.5349
-31.5348
-31.5346
-31.5345
-31.5344
-31.5343
-31.5342
-31.534
-31.5339
-31.5338
-31.5337
-31.5336
-31.5334
-31.5333
-31.5332
-31.5331
-31.533
-31.5328
-31.5327
-31.5326
-31.5325
-31.5324
-31.5322
-31.5321
-31.532
-31.5319
-31.5318
-31.5316
-31.5315
-31.5314
-31.5313
-31.5312
-31.531
-31.5309
-31.5308
-31.5307
-31.5306
-31.5305
-31.5303
-31.5302
-31.5301
-31.53
-31.5299
-31.5297
-31.5296
-31.5295
-31.5294
-31.5293
-31.5292
-31.529
-31.5289
-31.5288
-31.5287
-31.5286
-31.5285
-31.5283
-31.5282
-31.5281
-31.528
-31.5279
-31.5278
-31.5276
-31.5275
-31.5274
-31.5273
-31.5272
-31.5271
-31.5269
-31.5268
-31.5267
-31.5266
-31.5265
-31.5264
-31.5262
-31.5261
-31.526
-31.5259
-31.5258
-31.5257
-31.5255
-31.5254
-31.5253
-31.5252
-31.5251
-31.525
-31.5249
-31.5247
-31.5246
-31.5245
-31.5244
-31.5243
-31.5242
-31.5241
-31.5239
-31.5238
-31.5237
-31.5236
-31.5235
-31.5234
-31.5233
-31.5231
-31.523
-31.5229
-31.5228
-31.5227
-31.5226
-31.5225
-31.5224
-31.5222
-31.5221
-31.522
-31.5219
-31.5218
-31.5217
-31.5216
-31.5215
-31.5213
-31.5212
-31.5211
-31.521
-31.5209
-31.5208
-31.5207
-31.5206
-31.5204
-31.5203
-31.5202
-31.5201
-31.52
-31.5199
-31.5198
-31.5197
-31.5195
-31.5194
-31.5193
-31.5192
-31.5191
-31.519
-31.5189
-31.5188
-31.5187
-31.5186
-31.5184
-31.5183
-31.5182
-31.5181
-31.518
-31.5179
-31.5178
-31.5177
-31.5176
-31.5174
-31.5173
-31.5172
-31.5171
-31.517
-31.5169
-31.5168
-31.5167
-31.5166
-31.5165
-31.5164
-31.5162
-31.5161
-31.516
-31.5159
-31.5158
-31.5157
-31.5156
-31.5155
-31.5154
-31.5153
-31.5152
-31.515
-31.5149
-31.5148
-31.5147
-31.5146
-31.5145
-31.5144
-31.5143
-31.5142
-31.5141
-31.514
-31.5139
-31.5138
-31.5136
-31.5135
-31.5134
-31.5133
-31.5132
-31.5131
-31.513
-31.5129
-31.5128
-31.5127
-31.5126
-31.5125
-31.5124
-31.5123
-31.5121
-31.512
-31.5119
-31.5118
-31.5117
-31.5116
-31.5115
-31.5114
-31.5113
-31.5112
-31.5111
-31.511
-31.5109
-31.5108
-31.5107
-31.5106
-31.5104
-31.5103
-31.5102
-31.5101
-31.51
-31.5099
-31.5098
-31.5097
-31.5096
-31.5095
-31.5094
-31.5093
-31.5092
-31.5091
-31.509
-31.5089
-31.5088
-31.5087
-31.5086
-31.5085
-31.5084
-31.5082
-31.5081
-31.508
-31.5079
-31.5078
-31.5077
-31.5076
-31.5075
-31.5074
-31.5073
-31.5072
-31.5071
-31.507
-31.5069
-31.5068
-31.5067
-31.5066
-31.5065
-31.5064
-31.5063
-31.5062
-31.5061
-31.506
-31.5059
-31.5058
-31.5057
-31.5056
-31.5055
-31.5054
-31.5053
-31.5052
-31.5051
-31.5049
-31.5048
-31.5047
-31.5046
-31.5045
-31.5044
-31.5043
-31.5042
-31.5041
-31.504
-31.5039
-31.5038
-31.5037
-31.5036
-31.5035
-31.5034
-31.5033
-31.5032
-31.5031
-31.503
-31.5029
-31.5028
-31.5027
-31.5026
-31.5025
-31.5024
-31.5023
-31.5022
-31.5021
-31.502
-31.5019
-31.5018
-31.5017
-31.5016
-31.5015
-31.5014
-31.5013
-31.5012
-31.5011
-31.501
-31.5009
-31.5008
-31.5007
-31.5007
-31.5006
-31.5005
-31.5004
-31.5003
-31.5002
-31.5001
-31.5
-31.4999
-31.4998
-31.4997
-31.4996
-31.4995
-31.4994
-31.4993
-31.4992
-31.4991
-31.499
-31.4989
-31.4988
-31.4987
-31.4986
-31.4985
-31.4984
-31.4983
-31.4982
-31.4981
-31.498
-31.4979
-31.4978
-31.4977
-31.4976
-31.4975
-31.4974
-31.4973
-31.4973
-31.4972
-31.4971
-31.497
-31.4969
-31.4968
-31.4967
-31.4966
-31.4965
-31.4964
-31.4963
-31.4962
-31.4961
-31.496
-31.4959
-31.4958
-31.4957
-31.4956
-31.4955
-31.4954
-31.4954
-31.4953
-31.4952
-31.4951
-31.495
-31.4949
-31.4948
-31.4947
-31.4946
-31.4945
-31.4944
-31.4943
-31.4942
-31.4941
-31.494
-31.4939
-31.4938
-31.4938
-31.4937
-31.4936
-31.4935
-31.4934
-31.4933
-31.4932
-31.4931
-31.493
-31.4929
-31.4928
-31.4927
-31.4926
-31.4925
-31.4925
-31.4924
-31.4923
-31.4922
-31.4921
-31.492
-31.4919
-31.4918
-31.4917
-31.4916
-31.4915
-31.4914
-31.4913
-31.4913
-31.4912
-31.4911
-31.491
-31.4909
-31.4908
-31.4907
-31.4906
-31.4905
-31.4904
-31.4903
-31.4902
-31.4902
-31.4901
-31.49
-31.4899
-31.4898
-31.4897
-31.4896
-31.4895
-31.4894
-31.4893
-31.4892
-31.4892
-31.4891
-31.489
-31.4889
-31.4888
-31.4887
-31.4886
-31.4885
-31.4884
-31.4883
-31.4883
-31.4882
-31.4881
-31.488
-31.4879
-31.4878
-31.4877
-31.4876
-31.4875
-31.4874
-31.4874
-31.4873
-31.4872
-31.4871
-31.487
-31.4869
-31.4868
-31.4867
-31.4866
-31.4866
-31.4865
-31.4864
-31.4863
-31.4862
-31.4861
-31.486
-31.4859
-31.4858
-31.4858
-31.4857
-31.4856
-31.4855
-31.4854
-31.4853
-31.4852
-31.4851
-31.4851
-31.485
-31.4849
-31.4848
-31.4847
-31.4846
-31.4845
-31.4844
-31.4844
-31.4843
-31.4842
-31.4841
-31.484
-31.4839
-31.4838
-31.4837
-31.4837
-31.4836
-31.4835
-31.4834
-31.4833
-31.4832
-31.4831
-31.483
-31.483
-31.4829
-31.4828
-31.4827
-31.4826
-31.4825
-31.4824
-31.4824
-31.4823
-31.4822
-31.4821
-31.482
-31.4819
-31.4818
-31.4818
-31.4817
-31.4816
-31.4815
-31.4814
-31.4813
-31.4812
-31.4812
-31.4811
-31.481
-31.4809
-31.4808
-31.4807
-31.4806
-31.4806
-31.4805
-31.4804
-31.4803
-31.4802
-31.4801
-31.4801
-31.48
-31.4799
-31.4798
-31.4797
-31.4796
-31.4795
-31.4795
-31.4794
-31.4793
-31.4792
-31.4791
-31.479
-31.479
-31.4789
-31.4788
-31.4787
-31.4786
-31.4785
-31.4785
-31.4784
-31.4783
-31.4782
-31.4781
-31.478
-31.4779
-31.4779
-31.4778
-31.4777
-31.4776
-31.4775
-31.4775
-31.4774
-31.4773
-31.4772
-31.4771
-31.477
-31.477
-31.4769
-31.4768
-31.4767
-31.4766
-31.4765
-31.4765
-31.4764
-31.4763
-31.4762
-31.4761
-31.476
-31.476
-31.4759
-31.4758
-31.4757
-31.4756
-31.4756
-31.4755
-31.4754
-31.4753
-31.4752
-31.4751
-31.4751
-31.475
-31.4749
-31.4748
-31.4747
-31.4747
-31.4746
-31.4745
-31.4744
-31.4743
-31.4743
-31.4742
-31.4741
-31.474
-31.4739
-31.4738
-31.4738
-31.4737
-31.4736
-31.4735
-31.4734
-31.4734
-31.4733
-31.4732
-31.4731
-31.473
-31.473
-31.4729
-31.4728
-31.4727
-31.4726
-31.4726
-31.4725
-31.4724
-31.4723
-31.4722
-31.4722
-31.4721
-31.472
-31.4719
-31.4718
-31.4718
-31.4717
-31.4716
-31.4715
-31.4714
-31.4714
-31.4713
-31.4712
-31.4711
-31.4711
-31.471
-31.4709
-31.4708
-31.4707
-31.4707
-31.4706
-31.4705
-31.4704
-31.4703
-31.4703
-31.4702
-31.4701
-31.47
-31.4699
-31.4699
-31.4698
-31.4697
-31.4696
-31.4696
-31.4695
-31.4694
-31.4693
-31.4692
-31.4692
-31.4691
-31.469
-31.4689
-31.4689
-31.4688
-31.4687
-31.4686
-31.4685
-31.4685
-31.4684
-31.4683
-31.4682
-31.4682
-31.4681
-31.468
-31.4679
-31.4679
-31.4678
-31.4677
-31.4676
-31.4675
-31.4675
-31.4674
-31.4673
-31.4672
-31.4672
-31.4671
-31.467
-31.4669
-31.4669
-31.4668
-31.4667
-31.4666
-31.4666
-31.4665
-31.4664
-31.4663
-31.4662
-31.4662
-31.4661
-31.466
-31.4659
-31.4659
-31.4658
-31.4657
-31.4656
-31.4656
-31.4655
-31.4654
-31.4653
-31.4653
-31.4652
-31.4651
-31.465
-31.465
-31.4649
-31.4648
-31.4647
-31.4647
-31.4646
-31.4645
-31.4644
-31.4644
-31.4643
-31.4642
-31.4641
-31.4641
-31.464
-31.4639
-31.4638
-31.4638
-31.4637
-31.4636
-31.4635
-31.4635
-31.4634
-31.4633
-31.4632
-31.4632
-31.4631
-31.463
-31.463
-31.4629
-31.4628
-31.4627
-31.4627
-31.4626
-31.4625
-31.4624
-31.4624
-31.4623
-31.4622
-31.4621
-31.4621
-31.462
-31.4619
-31.4618
-31.4618
-31.4617
-31.4616
-31.4616
-31.4615
-31.4614
-31.4613
-31.4613
-31.4612
-31.4611
-31.461
-31.461
-31.4609
-31.4608
-31.4608
-31.4607
-31.4606
-31.4605
-31.4605
-31.4604
-31.4603
-31.4602
-31.4602
-31.4601
-31.46
-31.46
-31.4599
-31.4598
-31.4597
-31.4597
-31.4596
-31.4595
-31.4595
-31.4594
-31.4593
-31.4592
-31.4592
-31.4591
-31.459
-31.459
-31.4589
-31.4588
-31.4587
-31.4587
-31.4586
-31.4585
-31.4585
-31.4584
-31.4583
-31.4582
-31.4582
-31.4581
-31.458
-31.458
-31.4579
-31.4578
-31.4578
-31.4577
-31.4576
-31.4575
-31.4575
-31.4574
-31.4573
-31.4573
-31.4572
-31.4571
-31.457
-31.457
-31.4569
-31.4568
-31.4568
-31.4567
-31.4566
-31.4566
-31.4565
-31.4564
-31.4563
-31.4563
-31.4562
-31.4561
-31.4561
-31.456
-31.4559
-31.4559
-31.4558
-31.4557
-31.4557
-31.4556
-31.4555
-31.4554
-31.4554
-31.4553
-31.4552
-31.4552
-31.4551
-31.455
-31.455
-31.4549
-31.4548
-31.4548
-31.4547
-31.4546
-31.4546
-31.4545
-31.4544
-31.4543
-31.4543
-31.4542
-31.4541
-31.4541
-31.454
-31.4539
-31.4539
-31.4538
-31.4537
-31.4537
-31.4536
-31.4535
-31.4535
-31.4534
-31.4533
-31.4533
-31.4532
-31.4531
-31.4531
-31.453
-31.4529
-31.4528
-31.4528
-31.4527
-31.4526
-31.4526
-31.4525
-31.4524
-31.4524
-31.4523
-31.4522
-31.4522
-31.4521
-31.452
-31.452
-31.4519
-31.4518
-31.4518
-31.4517
-31.4516
-31.4516
-31.4515
-31.4514
-31.4514
-31.4513
-31.4512
-31.4512
-31.4511
-31.451
-31.451
-31.4509
-31.4508
-31.4508
-31.4507
-31.4506
-31.4506
-31.4505
-31.4504
-31.4504
-31.4503
-31.4502
-31.4502
-31.4501
-31.4501
-31.45
-31.4499
-31.4499
-31.4498
-31.4497
-31.4497
-31.4496
-31.4495
-31.4495
-31.4494
-31.4493
-31.4493
-31.4492
-31.4491
-31.4491
-31.449
-31.4489
-31.4489
-31.4488
-31.4487
-31.4487
-31.4486
-31.4486
-31.4485
-31.4484
-31.4484
-31.4483
-31.4482
-31.4482
-31.4481
-31.448
-31.448
-31.4479
-31.4478
-31.4478
-31.4477
-31.4476
-31.4476
-31.4475
-31.4475
-31.4474
-31.4473
-31.4473
-31.4472
-31.4471
-31.4471
-31.447
-31.4469
-31.4469
-31.4468
-31.4468
-31.4467
-31.4466
-31.4466
-31.4465
-31.4464
-31.4464
-31.4463
-31.4462
-31.4462
-31.4461
-31.4461
-31.446
-31.4459
-31.4459
-31.4458
-31.4457
-31.4457
-31.4456
-31.4456
-31.4455
-31.4454
-31.4454
-31.4453
-31.4452
-31.4452
-31.4451
-31.445
-31.445
-31.4449
-31.4449
-31.4448
-31.4447
-31.4447
-31.4446
-31.4446
-31.4445
-31.4444
-31.4444
-31.4443
-31.4442
-31.4442
-31.4441
-31.4441
-31.444
-31.4439
-31.4439
-31.4438
-31.4437
-31.4437
-31.4436
-31.4436
-31.4435
-31.4434
-31.4434
-31.4433
-31.4433
-31.4432
-31.4431
-31.4431
-31.443
-31.4429
-31.4429
-31.4428
-31.4428
-31.4427
-31.4426
-31.4426
-31.4425
-31.4425
-31.4424
-31.4423
-31.4423
-31.4422
-31.4422
-31.4421
-31.442
-31.442
-31.4419
-31.4418
-31.4418
-31.4417
-31.4417
-31.4416
-31.4415
-31.4415
-31.4414
-31.4414
-31.4413
-31.4412
-31.4412
-31.4411
-31.4411
-31.441
-31.4409
-31.4409
-31.4408
-31.4408
-31.4407
-31.4406
-31.4406
-31.4405
-31.4405
-31.4404
-31.4403
-31.4403
-31.4402
-31.4402
-31.4401
-31.4401
-31.44
-31.4399
-31.4399
-31.4398
-31.4398
-31.4397
-31.4396
-31.4396
-31.4395
-31.4395
-31.4394
-31.4393
-31.4393
-31.4392
-31.4392
-31.4391
-31.439
-31.439
-31.4389
-31.4389
-31.4388
-31.4388
-31.4387
-31.4386
-31.4386
-31.4385
-31.4385
-31.4384
-31.4383
-31.4383
-31.4382
-31.4382
-31.4381
-31.4381
-31.438
-31.4379
-31.4379
-31.4378
-31.4378
-31.4377
-31.4376
-31.4376
-31.4375
-31.4375
-31.4374
-31.4374
-31.4373
-31.4372
-31.4372
-31.4371
-31.4371
-31.437
-31.437
-31.4369
-31.4368
-31.4368
-31.4367
-31.4367
-31.4366
-31.4366
-31.4365
-31.4364
-31.4364
-31.4363
-31.4363
-31.4362
-31.4362
-31.4361
-31.436
-31.436
-31.4359
-31.4359
-31.4358
-31.4358
-31.4357
-31.4356
-31.4356
-31.4355
-31.4355
-31.4354
-31.4354
-31.4353
-31.4352
-31.4352
-31.4351
-31.4351
-31.435
-31.435
-31.4349
-31.4349
-31.4348
-31.4347
-31.4347
-31.4346
-31.4346
-31.4345
-31.4345
-31.4344
-31.4344
-31.4343
-31.4342
-31.4342
-31.4341
-31.4341
-31.434
-31.434
-31.4339
-31.4339
-31.4338
-31.4337
-31.4337
-31.4336
-31.4336
-31.4335
-31.4335
-31.4334
-31.4334
-31.4333
-31.4332
-31.4332
-31.4331
-31.4331
-31.433
-31.433
-31.4329
-31.4329
-31.4328
-31.4327
-31.4327
-31.4326
-31.4326
-31.4325
-31.4325
-31.4324
-31.4324
-31.4323
-31.4323
-31.4322
-31.4321
-31.4321
-31.432
-31.432
-31.4319
-31.4319
-31.4318
-31.4318
-31.4317
-31.4317
-31.4316
-31.4316
-31.4315
-31.4314
-31.4314
-31.4313
-31.4313
-31.4312
-31.4312
-31.4311
-31.4311
-31.431
-31.431
-31.4309
-31.4309
-31.4308
-31.4307
-31.4307
-31.4306
-31.4306
-31.4305
-31.4305
-31.4304
-31.4304
-31.4303
-31.4303
-31.4302
-31.4302
-31.4301
-31.4301
-31.43
-31.4299
-31.4299
-31.4298
-31.4298
-31.4297
-31.4297
-31.4296
-31.4296
-31.4295
-31.4295
-31.4294
-31.4294
-31.4293
-31.4293
-31.4292
-31.4292
-31.4291
-31.4291
-31.429
-31.4289
-31.4289
-31.4288
-31.4288
-31.4287
-31.4287
-31.4286
-31.4286
-31.4285
-31.4285
-31.4284
-31.4284
-31.4283
-31.4283
-31.4282
-31.4282
-31.4281
-31.4281
-31.428
-31.428
-31.4279
-31.4279
-31.4278
-31.4278
-31.4277
-31.4276
-31.4276
-31.4275
-31.4275
-31.4274
-31.4274
-31.4273
-31.4273
-31.4272
-31.4272
-31.4271
-31.4271
-31.427
-31.427
-31.4269
-31.4269
-31.4268
-31.4268
-31.4267
-31.4267
-31.4266
-31.4266
-31.4265
-31.4265
-31.4264
-31.4264
-31.4263
-31.4263
-31.4262
-31.4262
-31.4261
-31.4261
-31.426
-31.426
-31.4259
-31.4259
-31.4258
-31.4258
-31.4257
-31.4257
-31.4256
-31.4256
-31.4255
-31.4255
-31.4254
-31.4254
-31.4253
-31.4253
-31.4252
-31.4252
-31.4251
-31.4251
-31.425
-31.425
-31.4249
-31.4249
-31.4248
-31.4248
-31.4247
-31.4247
-31.4246
-31.4246
-31.4245
-31.4245
-31.4244
-31.4244
-31.4243
-31.4243
-31.4242
-31.4242
-31.4241
-31.4241
-31.424
-31.424
-31.4239
-31.4239
-31.4238
-31.4238
-31.4237
-31.4237
-31.4236
-31.4236
-31.4235
-31.4235
-31.4234
-31.4234
-31.4233
-31.4233
-31.4232
-31.4232
-31.4231
-31.4231
-31.423
-31.423
-31.4229
-31.4229
-31.4228
-31.4228
-31.4228
-31.4227
-31.4227
-31.4226
-31.4226
-31.4225
-31.4225
-31.4224
-31.4224
-31.4223
-31.4223
-31.4222
-31.4222
-31.4221
-31.4221
-31.422
-31.422
-31.4219
-31.4219
-31.4218
-31.4218
-31.4217
-31.4217
-31.4216
-31.4216
-31.4215
-31.4215
-31.4215
-31.4214
-31.4214
-31.4213
-31.4213
-31.4212
-31.4212
-31.4211
-31.4211
-31.421
-31.421
-31.4209
-31.4209
-31.4208
-31.4208
-31.4207
-31.4207
-31.4206
-31.4206
-31.4206
-31.4205
-31.4205
-31.4204
-31.4204
-31.4203
-31.4203
-31.4202
-31.4202
-31.4201
-31.4201
-31.42
-31.42
-31.4199
-31.4199
-31.4199
-31.4198
-31.4198
-31.4197
-31.4197
-31.4196
-31.4196
-31.4195
-31.4195
-31.4194
-31.4194
-31.4193
-31.4193
-31.4192
-31.4192
-31.4192
-31.4191
-31.4191
-31.419
-31.419
-31.4189
-31.4189
-31.4188
-31.4188
-31.4187
-31.4187
-31.4187
-31.4186
-31.4186
-31.4185
-31.4185
-31.4184
-31.4184
-31.4183
-31.4183
-31.4182
-31.4182
-31.4181
-31.4181
-31.4181
-31.418
-31.418
-31.4179
-31.4179
-31.4178
-31.4178
-31.4177
-31.4177
-31.4176
-31.4176
-31.4176
-31.4175
-31.4175
-31.4174
-31.4174
-31.4173
-31.4173
-31.4172
-31.4172
-31.4172
-31.4171
-31.4171
-31.417
-31.417
-31.4169
-31.4169
-31.4168
-31.4168
-31.4168
-31.4167
-31.4167
-31.4166
-31.4166
-31.4165
-31.4165
-31.4164
-31.4164
-31.4164
-31.4163
-31.4163
-31.4162
-31.4162
-31.4161
-31.4161
-31.416
-31.416
-31.416
-31.4159
-31.4159
-31.4158
-31.4158
-31.4157
-31.4157
-31.4156
-31.4156
-31.4156
-31.4155
-31.4155
-31.4154
-31.4154
-31.4153
-31.4153
-31.4153
-31.4152
-31.4152
-31.4151
-31.4151
-31.415
-31.415
-31.4149
-31.4149
-31.4149
-31.4148
-31.4148
-31.4147
-31.4147
-31.4146
-31.4146
-31.4146
-31.4145
-31.4145
-31.4144
-31.4144
-31.4143
-31.4143
-31.4143
-31.4142
-31.4142
-31.4141
-31.4141
-31.414
-31.414
-31.414
-31.4139
-31.4139
-31.4138
-31.4138
-31.4137
-31.4137
-31.4137
-31.4136
-31.4136
-31.4135
-31.4135
-31.4134
-31.4134
-31.4134
-31.4133
-31.4133
-31.4132
-31.4132
-31.4131
-31.4131
-31.4131
-31.413
-31.413
-31.4129
-31.4129
-31.4128
-31.4128
-31.4128
-31.4127
-31.4127
-31.4126
-31.4126
-31.4126
-31.4125
-31.4125
-31.4124
-31.4124
-31.4123
-31.4123
-31.4123
-31.4122
-31.4122
-31.4121
-31.4121
-31.4121
-31.412
-31.412
-31.4119
-31.4119
-31.4118
-31.4118
-31.4118
-31.4117
-31.4117
-31.4116
-31.4116
-31.4116
-31.4115
-31.4115
-31.4114
-31.4114
-31.4113
-31.4113
-31.4113
-31.4112
-31.4112
-31.4111
-31.4111
-31.4111
-31.411
-31.411
-31.4109
-31.4109
-31.4109
-31.4108
-31.4108
-31.4107
-31.4107
-31.4107
-31.4106
-31.4106
-31.4105
-31.4105
-31.4104
-31.4104
-31.4104
-31.4103
-31.4103
-31.4102
-31.4102
-31.4102
-31.4101
-31.4101
-31.41
-31.41
-31.41
-31.4099
-31.4099
-31.4098
-31.4098
-31.4098
-31.4097
-31.4097
-31.4096
-31.4096
-31.4096
-31.4095
-31.4095
-31.4094
-31.4094
-31.4094
-31.4093
-31.4093
-31.4092
-31.4092
-31.4092
-31.4091
-31.4091
-31.409
-31.409
-31.409
-31.4089
-31.4089
-31.4088
-31.4088
-31.4088
-31.4087
-31.4087
-31.4086
-31.4086
-31.4086
-31.4085
-31.4085
-31.4084
-31.4084
-31.4084
-31.4083
-31.4083
-31.4083
-31.4082
-31.4082
-31.4081
-31.4081
-31.4081
-31.408
-31.408
-31.4079
-31.4079
-31.4079
-31.4078
-31.4078
-31.4077
-31.4077
-31.4077
-31.4076
-31.4076
-31.4075
-31.4075
-31.4075
-31.4074
-31.4074
-31.4074
-31.4073
-31.4073
-31.4072
-31.4072
-31.4072
-31.4071
-31.4071
-31.407
-31.407
-31.407
-31.4069
-31.4069
-31.4069
-31.4068
-31.4068
-31.4067
-31.4067
-31.4067
-31.4066
-31.4066
-31.4065
-31.4065
-31.4065
-31.4064
-31.4064
-31.4064
-31.4063
-31.4063
-31.4062
-31.4062
-31.4062
-31.4061
-31.4061
-31.4061
-31.406
-31.406
-31.4059
-31.4059
-31.4059
-31.4058
-31.4058
-31.4057
-31.4057
-31.4057
-31.4056
-31.4056
-31.4056
-31.4055
-31.4055
-31.4054
-31.4054
-31.4054
-31.4053
-31.4053
-31.4053
-31.4052
-31.4052
-31.4051
-31.4051
-31.4051
-31.405
-31.405
-31.405
-31.4049
-31.4049
-31.4049
-31.4048
-31.4048
-31.4047
-31.4047
-31.4047
-31.4046
-31.4046
-31.4046
-31.4045
-31.4045
-31.4044
-31.4044
-31.4044
-31.4043
-31.4043
-31.4043
-31.4042
-31.4042
-31.4041
-31.4041
-31.4041
-31.404
-31.404
-31.404
-31.4039
-31.4039
-31.4039
-31.4038
-31.4038
-31.4037
-31.4037
-31.4037
-31.4036
-31.4036
-31.4036
-31.4035
-31.4035
-31.4035
-31.4034
-31.4034
-31.4033
-31.4033
-31.4033
-31.4032
-31.4032
-31.4032
-31.4031
-31.4031
-31.4031
-31.403
-31.403
-31.403
-31.4029
-31.4029
-31.4028
-31.4028
-31.4028
-31.4027
-31.4027
-31.4027
-31.4026
-31.4026
-31.4026
-31.4025
-31.4025
-31.4024
-31.4024
-31.4024
-31.4023
-31.4023
-31.4023
-31.4022
-31.4022
-31.4022
-31.4021
-31.4021
-31.4021
-31.402
-31.402
-31.402
-31.4019
-31.4019
-31.4018
-31.4018
-31.4018
-31.4017
-31.4017
-31.4017
-31.4016
-31.4016
-31.4016
-31.4015
-31.4015
-31.4015
-31.4014
-31.4014
-31.4014
-31.4013
-31.4013
-31.4013
-31.4012
-31.4012
-31.4011
-31.4011
-31.4011
-31.401
-31.401
-31.401
-31.4009
-31.4009
-31.4009
-31.4008
-31.4008
-31.4008
-31.4007
-31.4007
-31.4007
-31.4006
-31.4006
-31.4006
-31.4005
-31.4005
-31.4005
-31.4004
-31.4004
-31.4004
-31.4003
-31.4003
-31.4002
-31.4002
-31.4002
-31.4001
-31.4001
-31.4001
-31.4
-31.4
-31.4
-31.3999
-31.3999
-31.3999
-31.3998
-31.3998
-31.3998
-31.3997
-31.3997
-31.3997
-31.3996
-31.3996
-31.3996
-31.3995
-31.3995
-31.3995
-31.3994
-31.3994
-31.3994
-31.3993
-31.3993
-31.3993
-31.3992
-31.3992
-31.3992
-31.3991
-31.3991
-31.3991
-31.399
-31.399
-31.399
-31.3989
-31.3989
-31.3989
-31.3988
-31.3988
-31.3988
-31.3987
-31.3987
-31.3987
-31.3986
-31.3986
-31.3986
-31.3985
-31.3985
-31.3985
-31.3984
-31.3984
-31.3984
-31.3983
-31.3983
-31.3983
-31.3982
-31.3982
-31.3982
-31.3981
-31.3981
-31.3981
-31.398
-31.398
-31.398
-31.3979
-31.3979
-31.3979
-31.3978
-31.3978
-31.3978
-31.3977
-31.3977
-31.3977
-31.3976
-31.3976
-31.3976
-31.3975
-31.3975
-31.3975
-31.3974
-31.3974
-31.3974
-31.3973
-31.3973
-31.3973
-31.3972
-31.3972
-31.3972
-31.3972
-31.3971
-31.3971
-31.3971
-31.397
-31.397
-31.397
-31.3969
-31.3969
-31.3969
-31.3968
-31.3968
-31.3968
-31.3967
-31.3967
-31.3967
-31.3966
-31.3966
-31.3966
-31.3965
-31.3965
-31.3965
-31.3964
-31.3964
-31.3964
-31.3963
-31.3963
-31.3963
-31.3963
-31.3962
-31.3962
-31.3962
-31.3961
-31.3961
-31.3961
-31.396
-31.396
-31.396
-31.3959
-31.3959
-31.3959
-31.3958
-31.3958
-31.3958
-31.3957
-31.3957
-31.3957
-31.3957
-31.3956
-31.3956
-31.3956
-31.3955
-31.3955
-31.3955
-31.3954
-31.3954
-31.3954
-31.3953
-31.3953
-31.3953
-31.3952
-31.3952
-31.3952
-31.3952
-31.3951
-31.3951
-31.3951
-31.395
-31.395
-31.395
-31.3949
-31.3949
-31.3949
-31.3948
-31.3948
-31.3948
-31.3948
-31.3947
-31.3947
-31.3947
-31.3946
-31.3946
-31.3946
-31.3945
-31.3945
-31.3945
-31.3944
-31.3944
-31.3944
-31.3944
-31.3943
-31.3943
-31.3943
-31.3942
-31.3942
-31.3942
-31.3941
-31.3941
-31.3941
-31.394
-31.394
-31.394
-31.394
-31.3939
-31.3939
-31.3939
-31.3938
-31.3938
-31.3938
-31.3937
-31.3937
-31.3937
-31.3937
-31.3936
-31.3936
-31.3936
-31.3935
-31.3935
-31.3935
-31.3934
-31.3934
-31.3934
-31.3934
-31.3933
-31.3933
-31.3933
-31.3932
-31.3932
-31.3932
-31.3931
-31.3931
-31.3931
-31.3931
-31.393
-31.393
-31.393
-31.3929
-31.3929
-31.3929
-31.3928
-31.3928
-31.3928
-31.3928
-31.3927
-31.3927
-31.3927
-31.3926
-31.3926
-31.3926
-31.3926
-31.3925
-31.3925
-31.3925
-31.3924
-31.3924
-31.3924
-31.3923
-31.3923
-31.3923
-31.3923
-31.3922
-31.3922
-31.3922
-31.3921
-31.3921
-31.3921
-31.3921
-31.392
-31.392
-31.392
-31.3919
-31.3919
-31.3919
-31.3919
-31.3918
-31.3918
-31.3918
-31.3917
-31.3917
-31.3917
-31.3917
-31.3916
-31.3916
-31.3916
-31.3915
-31.3915
-31.3915
-31.3915
-31.3914
-31.3914
-31.3914
-31.3913
-31.3913
-31.3913
-31.3912
-31.3912
-31.3912
-31.3912
-31.3911
-31.3911
-31.3911
-31.3911
-31.391
-31.391
-31.391
-31.3909
-31.3909
-31.3909
-31.3909
-31.3908
-31.3908
-31.3908
-31.3907
-31.3907
-31.3907
-31.3907
-31.3906
-31.3906
-31.3906
-31.3905
-31.3905
-31.3905
-31.3905
-31.3904
-31.3904
-31.3904
-31.3903
-31.3903
-31.3903
-31.3903
-31.3902
-31.3902
-31.3902
-31.3901
-31.3901
-31.3901
-31.3901
-31.39
-31.39
-31.39
-31.39
-31.3899
-31.3899
-31.3899
-31.3898
-31.3898
-31.3898
-31.3898
-31.3897
-31.3897
-31.3897
-31.3897
-31.3896
-31.3896
-31.3896
-31.3895
-31.3895
-31.3895
-31.3895
-31.3894
-31.3894
-31.3894
-31.3893
-31.3893
-31.3893
-31.3893
-31.3892
-31.3892
-31.3892
-31.3892
-31.3891
-31.3891
-31.3891
-31.389
-31.389
-31.389
-31.389
-31.3889
-31.3889
-31.3889
-31.3889
-31.3888
-31.3888
-31.3888
-31.3888
-31.3887
-31.3887
-31.3887
-31.3886
-31.3886
-31.3886
-31.3886
-31.3885
-31.3885
-31.3885
-31.3885
-31.3884
-31.3884
-31.3884
-31.3883
-31.3883
-31.3883
-31.3883
-31.3882
-31.3882
-31.3882
-31.3882
-31.3881
-31.3881
-31.3881
-31.3881
-31.388
-31.388
-31.388
-31.3879
-31.3879
-31.3879
-31.3879
-31.3878
-31.3878
-31.3878
-31.3878
-31.3877
-31.3877
-31.3877
-31.3877
-31.3876
-31.3876
-31.3876
-31.3876
-31.3875
-31.3875
-31.3875
-31.3874
-31.3874
-31.3874
-31.3874
-31.3873
-31.3873
-31.3873
-31.3873
-31.3872
-31.3872
-31.3872
-31.3872
-31.3871
-31.3871
-31.3871
-31.3871
-31.387
-31.387
-31.387
-31.387
-31.3869
-31.3869
-31.3869
-31.3869
-31.3868
-31.3868
-31.3868
-31.3867
-31.3867
-31.3867
-31.3867
-31.3866
-31.3866
-31.3866
-31.3866
-31.3865
-31.3865
-31.3865
-31.3865
-31.3864
-31.3864
-31.3864
-31.3864
-31.3863
-31.3863
-31.3863
-31.3863
-31.3862
-31.3862
-31.3862
-31.3862
-31.3861
-31.3861
-31.3861
-31.3861
-31.386
-31.386
-31.386
-31.386
-31.3859
-31.3859
-31.3859
-31.3859
-31.3858
-31.3858
-31.3858
-31.3858
-31.3857
-31.3857
-31.3857
-31.3857
-31.3856
-31.3856
-31.3856
-31.3856
-31.3855
-31.3855
-31.3855
-31.3855
-31.3854
-31.3854
-31.3854
-31.3854
-31.3853
-31.3853
-31.3853
-31.3853
-31.3852
-31.3852
-31.3852
-31.3852
-31.3851
-31.3851
-31.3851
-31.3851
-31.385
-31.385
-31.385
-31.385
-31.3849
-31.3849
-31.3849
-31.3849
-31.3848
-31.3848
-31.3848
-31.3848
-31.3847
-31.3847
-31.3847
-31.3847
-31.3846
-31.3846
-31.3846
-31.3846
-31.3846
-31.3845
-31.3845
-31.3845
-31.3845
-31.3844
-31.3844
-31.3844
-31.3844
-31.3843
-31.3843
-31.3843
-31.3843
-31.3842
-31.3842
-31.3842
-31.3842
-31.3841
-31.3841
-31.3841
-31.3841
-31.384
-31.384
-31.384
-31.384
-31.3839
-31.3839
-31.3839
-31.3839
-31.3839
-31.3838
-31.3838
-31.3838
-31.3838
-31.3837
-31.3837
-31.3837
-31.3837
-31.3836
-31.3836
-31.3836
-31.3836
-31.3835
-31.3835
-31.3835
-31.3835
-31.3834
-31.3834
-31.3834
-31.3834
-31.3834
-31.3833
-31.3833
-31.3833
-31.3833
-31.3832
-31.3832
-31.3832
-31.3832
-31.3831
-31.3831
-31.3831
-31.3831
-31.3831
-31.383
-31.383
-31.383
-31.383
-31.3829
-31.3829
-31.3829
-31.3829
-31.3828
-31.3828
-31.3828
-31.3828
-31.3827
-31.3827
-31.3827
-31.3827
-31.3827
-31.3826
-31.3826
-31.3826
-31.3826
-31.3825
-31.3825
-31.3825
-31.3825
-31.3824
-31.3824
-31.3824
-31.3824
-31.3824
-31.3823
-31.3823
-31.3823
-31.3823
-31.3822
-31.3822
-31.3822
-31.3822
-31.3822
-31.3821
-31.3821
-31.3821
-31.3821
-31.382
-31.382
-31.382
-31.382
-31.3819
-31.3819
-31.3819
-31.3819
-31.3819
-31.3818
-31.3818
-31.3818
-31.3818
-31.3817
-31.3817
-31.3817
-31.3817
-31.3817
-31.3816
-31.3816
-31.3816
-31.3816
-31.3815
-31.3815
-31.3815
-31.3815
-31.3815
-31.3814
-31.3814
-31.3814
-31.3814
-31.3813
-31.3813
-31.3813
-31.3813
-31.3813
-31.3812
-31.3812
-31.3812
-31.3812
-31.3811
-31.3811
-31.3811
-31.3811
-31.3811
-31.381
-31.381
-31.381
-31.381
-31.3809
-31.3809
-31.3809
-31.3809
-31.3809
-31.3808
-31.3808
-31.3808
-31.3808
-31.3807
-31.3807
-31.3807
-31.3807
-31.3807
-31.3806
-31.3806
-31.3806
-31.3806
-31.3806
-31.3805
-31.3805
-31.3805
-31.3805
-31.3804
-31.3804
-31.3804
-31.3804
-31.3804
-31.3803
-31.3803
-31.3803
-31.3803
-31.3802
-31.3802
-31.3802
-31.3802
-31.3802
-31.3801
-31.3801
-31.3801
-31.3801
-31.3801
-31.38
-31.38
-31.38
-31.38
-31.3799
-31.3799
-31.3799
-31.3799
-31.3799
-31.3798
-31.3798
-31.3798
-31.3798
-31.3798
-31.3797
-31.3797
-31.3797
-31.3797
-31.3797
-31.3796
-31.3796
-31.3796
-31.3796
-31.3795
-31.3795
-31.3795
-31.3795
-31.3795
-31.3794
-31.3794
-31.3794
-31.3794
-31.3794
-31.3793
-31.3793
-31.3793
-31.3793
-31.3793
-31.3792
-31.3792
-31.3792
-31.3792
-31.3791
-31.3791
-31.3791
-31.3791
-31.3791
-31.379
-31.379
-31.379
-31.379
-31.379
-31.3789
-31.3789
-31.3789
-31.3789
-31.3789
-31.3788
-31.3788
-31.3788
-31.3788
-31.3788
-31.3787
-31.3787
-31.3787
-31.3787
-31.3787
-31.3786
-31.3786
-31.3786
-31.3786
-31.3785
-31.3785
-31.3785
-31.3785
-31.3785
-31.3784
-31.3784
-31.3784
-31.3784
-31.3784
-31.3783
-31.3783
-31.3783
-31.3783
-31.3783
-31.3782
-31.3782
-31.3782
-31.3782
-31.3782
-31.3781
-31.3781
-31.3781
-31.3781
-31.3781
-31.378
-31.378
-31.378
-31.378
-31.378
-31.3779
-31.3779
-31.3779
-31.3779
-31.3779
-31.3778
-31.3778
-31.3778
-31.3778
-31.3778
-31.3777
-31.3777
-31.3777
-31.3777
-31.3777
-31.3776
-31.3776
-31.3776
-31.3776
-31.3776
-31.3775
-31.3775
-31.3775
-31.3775
-31.3775
-31.3774
-31.3774
-31.3774
-31.3774
-31.3774
-31.3773
-31.3773
-31.3773
-31.3773
-31.3773
-31.3772
-31.3772
-31.3772
-31.3772
-31.3772
-31.3771
-31.3771
-31.3771
-31.3771
-31.3771
-31.3771
-31.377
-31.377
-31.377
-31.377
-31.377
-31.3769
-31.3769
-31.3769
-31.3769
-31.3769
-31.3768
-31.3768
-31.3768
-31.3768
-31.3768
-31.3767
-31.3767
-31.3767
-31.3767
-31.3767
-31.3766
-31.3766
-31.3766
-31.3766
-31.3766
-31.3765
-31.3765
-31.3765
-31.3765
-31.3765
-31.3765
-31.3764
-31.3764
-31.3764
-31.3764
-31.3764
-31.3763
-31.3763
-31.3763
-31.3763
-31.3763
-31.3762
-31.3762
-31.3762
-31.3762
-31.3762
-31.3761
-31.3761
-31.3761
-31.3761
-31.3761
-31.3761
-31.376
-31.376
-31.376
-31.376
-31.376
-31.3759
-31.3759
-31.3759
-31.3759
-31.3759
-31.3758
-31.3758
-31.3758
-31.3758
-31.3758
-31.3758
-31.3757
-31.3757
-31.3757
-31.3757
-31.3757
-31.3756
-31.3756
-31.3756
-31.3756
-31.3756
-31.3756
-31.3755
-31.3755
-31.3755
-31.3755
-31.3755
-31.3754
-31.3754
-31.3754
-31.3754
-31.3754
-31.3753
-31.3753

